Huespedes Mayores 17,Noches (max 7),Importe EUR
1,1,1.75
1,2,3.50
1,3,5.25
1,4,7.00
1,5,8.75
1,6,10.50
1,7,12.25
2,1,3.50
2,2,7.00
2,3,10.50
2,4,14.00
2,5,17.50
2,6,21.00
2,7,24.50
3,1,5.25
3,2,10.50
3,3,15.75
3,4,21.00
3,5,26.25
3,6,31.50
3,7,36.75
4,1,7.00
4,2,14.00
4,3,21.00
4,4,28.00
4,5,35.00
4,6,42.00
4,7,49.00
5,1,8.75
5,2,17.50
5,3,26.25
5,4,35.00
5,5,43.75
5,6,52.50
5,7,61.25
6,1,10.50
6,2,21.00
6,3,31.50
6,4,42.00
6,5,52.50
6,6,63.00
6,7,73.50
7,1,12.25
7,2,24.50
7,3,36.75
7,4,49.00
7,5,61.25
7,6,73.50
7,7,85.75
8,1,14.00
8,2,28.00
8,3,42.00
8,4,56.00
8,5,70.00
8,6,84.00
8,7,98.00
9,1,15.75
9,2,31.50
9,3,47.25
9,4,63.00
9,5,78.75
9,6,94.50
9,7,110.25
10,1,17.50
10,2,35.00
10,3,52.50
10,4,70.00
10,5,87.50
10,6,105.00
10,7,122.50
11,1,19.25
11,2,38.50
11,3,57.75
11,4,77.00
11,5,96.25
11,6,115.50
11,7,134.75
12,1,21.00
12,2,42.00
12,3,63.00
12,4,84.00
12,5,105.00
12,6,126.00
12,7,147.00
13,1,22.75
13,2,45.50
13,3,68.25
13,4,91.00
13,5,113.75
13,6,136.50
13,7,159.25
14,1,24.50
14,2,49.00
14,3,73.50
14,4,98.00
14,5,122.50
14,6,147.00
14,7,171.50
15,1,26.25
15,2,52.50
15,3,78.75
15,4,105.00
15,5,131.25
15,6,157.50
15,7,183.75
